-78.87445449829102,
42.835947266683796,
-78.86775970458984,
42.83418492325962,
-78.86398315429686,
42.83078597615666,
-78.86037826538086,
42.83191897929417,
-78.86054992675781,
42.836828419549015,
-78.86484146118164,
42.84526167558757,
-78.87720108032227,
42.86074062687797,
-78.89007568359375,
42.87596410238256,
-78.88938903808594,
42.878480017739044,
-78.90037536621094,
42.897094603161904,
-78.90243530273436,
42.90564536708457,
-78.90998840332031,
42.90665126134541,
-78.91548156738281,
42.90162162590301,
-78.9202880859375,
42.891561123996155,
-78.93470764160156,
42.88401467044253,
-78.95393371582031,
42.88149898076182,
-78.96217346191406,
42.88451779606897,
-78.97178649902344,
42.87948635515939,
-78.98002624511719,
42.87948635515939,
-78.99581909179688,
42.87797684287408,
-79.00062561035156,
42.8699254870066,
-79.01435852050781,
42.8694222423884,
-79.03427124023438,
42.873951296240556,
-79.046630859375,
42.86690595775125,
-79.05555725097656,
42.85834982271733,
-79.06036376953125,
42.86036313763867,
-79.07684326171875,
42.86338298693097,
-79.09332275390625,
42.85683979344514,
-79.08782958984375,
42.84375132629021,
-79.09538269042969,
42.83720605264495,
-79.11666870117188,
42.86136977048146,
-79.13864135742188,
42.86539613773221,
-79.15168762207031,
42.872944868550746,
-79.16885375976562,
42.871938424448466,
-79.18121337890625,
42.87042872752173,
-79.19700622558594,
42.868918993667116,
-79.19906616210936,
42.87143519624264,
-79.21005249023438,
42.87143519624264,
-79.21760559082031,
42.86690595775125,
-79.23477172851562,
42.87596410238256,
-79.24507141113281,
42.868918993667116,
-79.25193786621094,
42.878480017739044,
-79.26498413085938,
42.87898318850082,
-79.27322387695312,
42.8699254870066,
-79.30068969726561,
42.87797684287408,
-79.31716918945312,
42.874454503930785,
-79.33364868164062,
42.87143519624264,
-79.34257507324219,
42.85683979344514,
-79.34944152832031,
42.859356488383945,
-79.37210083007812,
42.866402688514626,
-79.38308715820312,
42.86338298693097,
-79.40162658691405,
42.87143519624264,
-79.42222595214844,
42.870931963933735,
-79.43595886230469,
42.87495770751784,
-79.45175170898438,
42.87143519624264,
-79.47166442871092,
42.85784648372956,
-79.4805908203125,
42.84073051691987,
-79.52384948730469,
42.85230948406997,
-79.5355224609375,
42.85130270352123,
-79.5417022705078,
42.842744406244606,
-79.55062866210938,
42.8422409400676,
-79.58839416503905,
42.85784648372956,
-79.59320068359375,
42.85230948406997,
-79.63851928710938,
42.836199025927385,
-79.66255187988281,
42.84677198795946,
-79.68177795410156,
42.85482636364099,
-79.70100402832031,
42.859356488383945,
-79.73190307617188,
42.853316248207115,
-79.75318908691406,
42.8422409400676,
-79.78889465332031,
42.8422409400676,
-79.80056762695312,
42.83468845508063,
-79.81224060058594,
42.83418492325962,
-79.82254028320311,
42.83418492325962,
-79.83627319335938,
42.82864580245114,
-79.83901977539062,
42.822602559040895,
-79.85618591308594,
42.82562425459303,
-79.86923217773436,
42.82562425459303,
-79.88296508789062,
42.8215952943695,
-79.88914489746094,
42.816055045344385,
-79.89944458007812,
42.819580715795915,
-79.91661071777342,
42.818573401893836,
-79.9310302734375,
42.81404028625967,
-79.94270324707031,
42.80900310137467,
-79.95643615722656,
42.81001057117128,
-79.97154235839844,
42.80648435509074,
-79.97978210449219,
42.79892750088133,
-79.98390197753906,
42.79237748061043,
-79.99488830566406,
42.79892750088133,
-80.01136779785156,
42.80346172417078,
-80.0299072265625,
42.80799561516835,
-80.035400390625,
42.799935134773136,
-80.05325317382812,
42.79741601927622,
-80.06561279296875,
42.79741601927622,
-80.0800323486328,
42.79187360418141,
-80.15762329101561,
42.786330692715424,
-80.19607543945312,
42.78129125156277,
-80.22079467773438,
42.78129125156277,
-80.23727416992188,
42.76516228327469,
-80.2606201171875,
42.751550199075915,
-80.32379150390625,
42.692025260276225,
-80.33203125,
42.65012181368022,
-80.35537719726562,
42.65163688818244,
-80.3924560546875,
42.66274630684542,
-80.45013427734375,
42.61880201144831,
-80.44876098632812,
42.597070956721446,
-80.43708801269531,
42.58594981115061,
-80.42884826660156,
42.59151063198149,
-80.42816162109375,
42.60060908689335,
-80.408935546875,
42.60111451766069,
-80.39039611816406,
42.58847751848118,
-80.35743713378906,
42.58645536081647,
-80.33958435058594,
42.59909276999119,
-80.33409118652344,
42.58696090638245,
-80.28602600097656,
42.61021157035975,
-80.24826049804688,
42.56825298997905,
-80.21392822265625,
42.56420729713456,
-80.13290405273438,
42.55712670332118,
-80.04295349121094,
42.54852775918639,
-80.16311645507812,
42.54144538620973,
-80.25993347167969,
42.556115124326745,
-80.38833618164062,
42.5798828953732,
-80.42335510253905,
42.578871685346364,
-80.50987243652344,
42.5733097370664,
-80.56961059570312,
42.577354839557856,
-80.61492919921875,
42.5798828953732,
-80.63690185546875,
42.58544425738491,
-80.80581665039062,
42.64456622475866,
-80.80650329589844,
42.63799988907408,
-80.84426879882811,
42.65264691734741,
-81.02622985839844,
42.657191845606675,
-81.20475769042969,
42.66577580383683,
-81.21025085449217,
42.65870674788061,
-81.24870300292969,
42.664765987909526,
-81.34277343749999,
42.64406114661688,
-81.40113830566406,
42.605157816197334,
-81.45126342773438,
42.59858732282379,
-81.46842956542969,
42.58392757148869,
-81.54258728027344,
42.55763248666914,
-81.64146423339844,
42.48830197960227,
-81.8103790283203,
42.385937107381125,
-81.83784484863281,
42.34281279954019,
-81.83921813964844,
42.280865005308065,
-81.84402465820312,
42.26003279710112,
-81.85157775878906,
42.25495072629938,
-81.9525146484375,
42.26460631064456,
-82.02049255371094,
42.264098158855845,
-82.08229064941406,
42.25139303305055,
-82.20726013183594,
42.194951362905265,
-82.36793518066406,
42.134385788273896,
-82.42630004882811,
42.099241380322944,
-82.48260498046875,
42.040624060291336,
-82.4970245361328,
41.99726342796974,
-82.50869750976562,
41.90789845299648,
-82.53822326660156,
41.97582726102573,
-82.60276794433594,
42.03093424950211,
-82.67486572265625,
42.03552434403621,
-82.73597717285156,
42.025323683799215,
-82.81974792480469,
41.99879430655651,
-82.880859375,
41.99113954535575,
-82.92205810546875,
41.98144219285839,
-82.93373107910155,
41.9829734519797,
-83.02436828613281,
42.02634382348525,
-83.11019897460938,
42.04878275505149,
-83.11569213867188,
42.05796003430605,
-83.111572265625,
42.08803181932636,
-83.15277099609375,
42.0956749167229,
-83.16513061523438,
42.091598712723105,
-83.17268371582031,
42.097203425683055,
-83.18504333496094,
42.089560512484425,
-83.19259643554688,
42.074271923173804,
-83.18710327148438,
42.049292638686836,
-83.19190979003906,
42.029404144327636,
-83.17405700683594,
42.02634382348525,
-83.17474365234374,
42.01206037830709,
-83.22486877441406,
41.98756700839311,
-83.25164794921875,
41.96868026812726,
-83.25164794921875,
41.94519164538106,
-83.26400756835938,
41.93088998442502,
-83.26812744140625,
41.93804121581888,
-83.27842712402344,
41.94314874732696,
-83.3038330078125,
41.94314874732696,
-83.32305908203124,
41.928846628183166,
-83.33816528320312,
41.89052158009611,
-83.34983825683594,
41.876207663832474,
-83.37112426757812,
41.87723019276536,
-83.38829040527344,
41.86342467181004,
-83.41438293457031,
41.82454867985508,
-83.44047546386717,
41.81073178596062,
-83.44047546386717,
41.77284798188914,
-83.43360900878906,
41.7492873060315,
-83.4466552734375,
41.76209309432243,
-83.45626831054688,
41.76209309432243,
-83.47274780273438,
41.7615809118484,
-83.47068786621094,
41.75184866809371,
-83.4521484375,
41.739553198140634,
-83.47000122070312,
41.71136719885689,
-83.44047546386717,
41.69752591075902,
-83.3917236328125,
41.691886013236356,
-83.34434509277344,
41.691373270757246,
-83.32923889160156,
41.68060473460121,
-83.28460693359374,
41.67496335351134,
-83.20220947265625,
41.63186741069748,
-83.11431884765625,
41.6154423246811,
-83.07861328125,
41.60312076451184,
-83.05938720703125,
41.580525125613846,
-82.96875,
41.52708581365465,
-82.80618667602539,
41.4684573556768,
-82.75932312011719,
41.445814633981904,
-82.7021598815918,
41.463054697018386,
-82.67709732055664,
41.455721797376604,
-82.62868881225586,
41.427797733534135,
-82.60156631469727,
41.42046084860777,
-82.57255554199219,
41.408745858020545,
-82.55985260009766,
41.400634242252046,
-82.55144119262695,
41.3980589143783,
-82.55161285400389,
41.40385325858539,
-82.5486946105957,
41.40565583808169,
-82.54423141479492,
41.40526957525643,
-82.54560470581055,
41.397801375978204,
-82.51058578491211,
41.383892786969774,
-82.4853515625,
41.381059191065546,
-82.46183395385741,
41.3859535064384,
-82.36330032348633,
41.427797733534135,
-82.33051300048828,
41.43075799621762,
-82.2927474975586,
41.42869869733538,
-82.25275039672852,
41.435905957642454,
-82.19043731689453,
41.46910049934056,
-82.1809959411621,
41.47643188615973,
-82.1780776977539,
41.478232450820364,
-82.17430114746094,
41.47771800887871,
-82.17018127441406,
41.4737309453789,
-82.08280563354492,
41.49777821871642,
-82.01328277587889,
41.51577568269484,
-81.99577331542969,
41.51474739095224,
-81.97122573852539,
41.50652046891492,
-81.94890975952148,
41.4941781255972,
-81.92556381225586,
41.49032066091909,
-81.86325073242188,
41.48311944560493,
-81.83698654174805,
41.49057783237735,
-81.81398391723633,
41.495463896110685,
-81.79527282714842,
41.49752107584397,
-81.75630569458008,
41.48967772780703,
-81.74514770507812,
41.48749170749888,
-81.73879623413086,
41.49019207480711,
-81.73982620239258,
41.491606508001276,
-81.72712326049805,
41.50034959128928,
-81.65245056152344,
41.543147942330734,
-81.63339614868164,
41.54815851009314,
-81.62773132324219,
41.54443274031192,
-81.58292770385742,
41.57371920761509,
-81.52336120605469,
41.616725685192804,
-81.49795532226562,
41.626093443299325,
-81.46242141723633,
41.653803770378794,
-81.44079208374022,
41.67509157220958,
-81.4145278930664,
41.691373270757246,
-81.35152816772461,
41.727511602285894,
-81.29831314086914,
41.75376962257105,
-81.2826919555664,
41.7656782571705,
-81.2826919555664,
41.76222113930216,
-81.27119064331055,
41.75825162611771,
-81.22724533081055,
41.76798289893208,
-81.1285400390625,
41.812267143599804,
-81.05043411254881,
41.8384904853889,
-81.00374221801756,
41.85319643776675,
-80.95224380493164,
41.862018386633096,
-80.90417861938477,
41.868026843411776,
-80.81474304199219,
41.89831620347219,
-80.79500198364258,
41.920161633946925,
-80.7828140258789,
41.91224193238466,
-80.78161239624023,
41.90738743599137,
-80.7501983642578,
41.91645737974553,
-80.72221755981445,
41.91939525416699,
-80.6619644165039,
41.9377858285046,
-80.64702987670898,
41.94212727375355,
-80.63089370727539,
41.94340411316341,
-80.56600570678711,
41.96370242435911,
-80.55913925170897,
41.970722347928096,
-80.55038452148438,
41.972891985987744,
-80.54815292358398,
41.97123285764962,
-80.48738479614258,
41.988204976126895,
-80.36327362060547,
42.02812902854727,
-80.3378677368164,
42.03373934666248,
-80.24465560913086,
42.073125130473166,
-80.23744583129883,
42.07885888676642,
-80.23246765136719,
42.07758476346901,
-80.17410278320312,
42.101788731521644,
-80.15607833862305,
42.11363257027619,
-80.13839721679688,
42.14660536151124,
-80.11470794677734,
42.16696607645413,
-80.09428024291992,
42.172945791677506,
-80.07814407348633,
42.171673559184306,
-80.06269454956055,
42.17078298121291,
-80.07556915283203,
42.15958607420686,
-80.07642745971678,
42.150296227150484,
-80.0735092163086,
42.14685991087788,
-80.06132125854492,
42.14545987669533,
-79.93000030517578,
42.20690493574549,
-79.92708206176758,
42.206777781977664,
-79.87318038940428,
42.23194923641754,
-79.87077713012695,
42.23080529708004,
-79.8567008972168,
42.23283895267996,
-79.8457145690918,
42.23538093003604,
-79.83198165893555,
42.24313332862645,
-79.8263168334961,
42.24313332862645,
-79.80142593383789,
42.25571306302917,
-79.78391647338867,
42.264225197186995,
-79.7775650024414,
42.26574963719421,
-79.77413177490234,
42.264352235262166,
-79.76280212402344,
42.26905246408729,
-79.70701217651367,
42.2884848246275,
-79.63045120239258,
42.32327028500377,
-79.60573196411133,
42.33926006673673,
-79.5969772338867,
42.343954706737975,
-79.58976745605469,
42.342305278572816,
-79.55217361450195,
42.36234924163794,
-79.54513549804688,
42.36349079394105,
-79.53123092651367,
42.370846966800535,
-79.47509765625,
42.40393908425197,
-79.45140838623047,
42.411924223069306,
-79.42720413208008,
42.42941192757185,
-79.41844940185547,
42.452594621767815,
-79.41638946533203,
42.45411449876218,
-79.41364288330078,
42.451961328800955,
-79.40746307373047,
42.452341305349485,
-79.36162948608398,
42.481465977330586,
-79.35373306274414,
42.49399807755323,
-79.34480667114258,
42.492985475830444,
-79.34429168701172,
42.489820989777066,
-79.34549331665039,
42.487795634680005,
-79.3406867980957,
42.48716269776347,
-79.33176040649414,
42.48944124069161,
-79.31802749633789,
42.50209830111479,
-79.29468154907227,
42.50994439206429,
-79.28335189819336,
42.51108325890067,
-79.2747688293457,
42.515638518736665,
-79.26223754882812,
42.52436850538021,
-79.25348281860352,
42.52727822987642,
-79.2495346069336,
42.5318323091809,
-79.24421310424805,
42.532844281713125,
-79.23974990844727,
42.531326316766,
-79.23030853271483,
42.53803038358621,
-79.22842025756836,
42.5352476507616,
-79.22206878662108,
42.53701849508831,
-79.20833587646484,
42.541571864201515,
-79.20146942138672,
42.543469003332994,
-79.19666290283203,
42.54536608481747,
-79.19340133666992,
42.546124901270055,
-79.1923713684082,
42.545239614512,
-79.1891098022461,
42.545745494196716,
-79.18258666992188,
42.549792384096854,
-79.17898178100586,
42.55219510083977,
-79.17692184448242,
42.54928653720724,
-79.17228698730469,
42.549665922758784,
-79.16851043701172,
42.55017176657382,
-79.1616439819336,
42.553586105099654,
-79.15237426757811,
42.55194218764353,
-79.14430618286133,
42.557758931865564,
-79.13898468017578,
42.565345174766456,
-79.12902832031249,
42.59125787816052,
-79.1261100769043,
42.5907523674436,
-79.11993026733398,
42.59997729266852,
-79.1183853149414,
42.60275713933856,
-79.1154670715332,
42.603641609996586,
-79.11100387573242,
42.61374895431491,
-79.09847259521484,
42.62170733363586,
-79.0938377380371,
42.629664695829426,
-79.08903121948242,
42.62928579688466,
-79.08405303955078,
42.632822097339634,
-79.0799331665039,
42.639894095485985,
-79.0770149230957,
42.640651761905026,
-79.07255172729492,
42.63964153796271,
-79.06740188598633,
42.642419614336674,
-79.06396865844727,
42.64646023126972,
-79.0634536743164,
42.65908546768244,
-79.06293869018553,
42.66779538648169,
-79.05881881713867,
42.67221299476739,
-79.05504226684569,
42.67498961641534,
-79.05298233032227,
42.67902811736274,
-79.05057907104492,
42.68697814909214,
-79.04748916625977,
42.69126821974304,
-79.03633117675781,
42.69480099661794,
-79.03392791748047,
42.696062653943684,
-79.03083801269531,
42.696062653943684,
-79.02414321899414,
42.696441146143144,
-79.02053833007812,
42.70060440808085,
-79.01865005493164,
42.70136133480679,
-79.013671875,
42.700982872597294,
-79.00714874267578,
42.703884357248306,
-78.99169921875,
42.70464124398721,
-78.97127151489258,
42.71574118930587,
-78.96903991699219,
42.71788526814579,
-78.96732330322266,
42.72015538852393,
-78.96406173706055,
42.72129041756775,
-78.96148681640625,
42.721542643424414,
-78.95376205444335,
42.72570422202205,
-78.94861221313477,
42.73036990242392,
-78.94329071044922,
42.731756928922074,
-78.94140243530273,
42.731504744593174,
-78.92148971557617,
42.7362960714995,
-78.91668319702148,
42.73743080523292,
-78.90810012817383,
42.745121231000184,
-78.90449523925781,
42.74764247442289,
-78.90209197998047,
42.74764247442289,
-78.88063430786133,
42.76175954256288,
-78.8792610168457,
42.76440613482341,
-78.87737274169922,
42.76604444480296,
-78.87496948242188,
42.76604444480296,
-78.86484146118164,
42.77284926863095,
-78.85883331298828,
42.780409307185934,
-78.85591506958008,
42.78267713877303,
-78.85454177856445,
42.790613895161556,
-78.85677337646484,
42.80043894556553,
-78.85969161987303,
42.80081680096769,
-78.87256622314453,
42.82663145362289,
-78.87308120727539,
42.828016325493714,
-78.87548446655272,
42.83015652099459,
-78.87582778930663,
42.83342961783553,
-78.87445449829102,
42.835947266683796
